99 2 71 73 2 721 743 2022-12-12
98 1 72 3 753 753 744 2024-04-12
97 2 71 71 2 722 722 2021-14-23
96 1 71 1 721 2022-02-02
911 3 71 71 71 0 2020-12-12
765 0 4 722 722 721 721 2023-03-03
991 2 71 73 2 721 743 2022-12-12
981 1 72 3 753 753 744 2024-04-12
971 2 71 71 2 722 722 2021-14-23
961 1 71 1 721 2022-02-02
9111 3 71 71 71 0 2020-12-12
7651 0 4 722 722 721 721 2023-03-03
9911 2 71 73 2 721 743 2022-12-12
9811 1 72 3 753 753 744 2024-04-12
9711 2 71 71 2 722 722 2021-14-23
9611 1 71 1 721 2022-02-02
9612 1 71 1 721 2022-02-02
91112 3 71 71 71 0 2020-12-12
76512 0 4 722 722 721 721 2023-03-03
99112 2 71 73 2 721 743 2022-12-12
98112 1 72 3 753 753 744 2024-04-12
97112 2 71 71 2 722 722 2021-14-23
96112 1 71 1 721 2022-02-02